-0.107160025009276	-0.906198171370110	-46.7131388269415
-0.107160025009276	-0.906198171370110	-46.7131388269415
-0.107160025009276	-0.906198171370110	-46.7131388269415
-0.107160025009276	-0.906198171370110	-46.7131388269415
-0.107160025009276	-0.906198171370110	-46.7131388269415
-0.107160025009276	-0.906198171370110	-46.7131388269415
-0.107160025009276	-0.906198171370110	-46.7131388269415
-0.107160025009276	-0.906198171370110	-46.7131388269415
-0.107160025009276	-0.906198171370110	-46.7131388269415
-0.107160025009276	-0.906198171370110	-46.7131388269415
-0.107160025009276	-0.906198171370110	-46.7131388269415
-0.107160025009276	-0.906198171370110	-46.7131388269415
-0.107160025009276	-0.906198171370110	-46.7131388269415
-0.107160025009276	-0.906198171370110	-46.7131388269415
-0.107160025009276	-0.906198171370110	-46.7131388269415
-0.107160025009276	-0.906198171370110	-46.7131388269415
-0.107160025009276	-0.906198171370110	-46.7131388269415
-0.107160025009276	-0.906198171370110	-46.7131388269415
-0.107160025009276	-0.906198171370110	-46.7131388269415
-0.107160025009276	-0.906198171370110	-46.7131388269415
-0.107160025009276	-0.906198171370110	-46.7131388269415
-0.107160025009276	-0.906198171370110	-46.7131388269415
-0.107160025009276	-0.906198171370110	-46.7131388269415
-0.107160025009276	-0.906198171370110	-46.7131388269415
-0.107160025009276	-0.906198171370110	-46.7131388269415
-0.107160025009276	-0.906198171370110	-46.7131388269415
-0.107160025009276	-0.906198171370110	-46.7131388269415
-0.107160025009276	-0.906198171370110	-46.7131388269415
-0.107160025009276	-0.906198171370110	-46.7131388269415
-0.107160025009276	-0.906198171370110	-46.7131388269415
-0.107160025009276	-0.906198171370110	-46.7131388269415
-0.107160025009276	-0.906198171370110	-46.7131388269415
-0.107160025009276	-0.906198171370110	-46.7131388269415
-0.107160025009276	-0.906198171370110	-46.7131388269415
-0.107160025009276	-0.906198171370110	-46.7131388269415
-0.107160025009276	-0.906198171370110	-46.7131388269415
-0.107160025009276	-0.906198171370110	-46.7131388269415
-0.107160025009276	-0.906198171370110	-46.7131388269415
-0.107160025009276	-0.906198171370110	-46.7131388269415
-0.107160025009276	-0.906198171370110	-46.7131388269415
-0.107160025009276	-0.906198171370110	-46.7131388269415
-0.107160025009276	-0.906198171370110	-46.7131388269415
-0.107160025009276	-0.906198171370110	-46.7131388269415
-0.107160025009276	-0.906198171370110	-46.7131388269415
-0.107160025009276	-0.906198171370110	-46.7131388269415
-0.107160025009276	-0.906198171370110	-46.7131388269415
-0.107160025009276	-0.906198171370110	-46.7131388269415
-0.107160025009276	-0.906198171370110	-46.7131388269415
-0.107160025009276	-0.906198171370110	-46.7131388269415
-0.107160025009276	-0.906198171370110	-46.7131388269415
-0.107135611908079	-0.906280155860054	-46.7130027703158
-0.106563142095717	-0.908202633680161	-46.7098113869637
-0.104550272318221	-0.914962287059983	-46.6985755819515
-0.100402959426919	-0.928889863456789	-46.6753536534080
-0.0936370796293777	-0.951611155590182	-46.6372604930321
-0.0839534619269099	-0.984130844575177	-46.5822818344409
-0.0712300419361453	-1.02685884909147	-46.5092068839213
-0.0554995545130087	-1.07968523839144	-46.4175073467949
-0.0369199014260929	-1.14207974408137	-46.3071986531558
-0.0157612150958525	-1.21313520289146	-46.1788197141451
0.00763627205385210	-1.29170904053322	-46.0332521408076
0.0328714413449219	-1.37645421346794	-45.8717417216686
0.0595202739823298	-1.46594677459630	-45.6957403416522
0.0871576178916469	-1.55875897102089	-45.5068314192090
0.115385975094167	-1.65355591829702	-45.3065838919622
0.143842198540783	-1.74911808985359	-45.0965291756002
0.172229808304559	-1.84444984177832	-44.8779209418934
0.200323999198774	-1.93879622948548	-44.6516435802404
0.227982453115775	-2.03167931789542	-44.4180348259268
0.255141094653262	-2.12288392790692	-44.1767832252462
0.281815852232090	-2.21246355061266	-43.9267270293285
0.307841776328678	-2.30008016091041	-43.6676516942422
0.332953814094696	-2.38491871609340	-43.4007829483325
0.356866485782832	-2.46624169277790	-43.1274465724012
0.379464770949571	-2.54337698399141	-42.8489691574832
0.400628404004803	-2.61577610014954	-42.5666452041973
0.420349328833309	-2.68297149475199	-42.2817596771381
0.438673472847384	-2.74459776402105	-41.9955539750290
0.455736540884860	-2.80036441025164	-41.7092770925516
0.471728334439252	-2.85008290663897	-41.4240798610638
0.486883954561123	-2.89363843290356	-41.1411238487733
0.501507171128792	-2.93099574948957	-40.8614757208270
0.515944323495936	-2.96218707166511	-40.5861599412258
0.527143175867265	-2.97579216286516	-40.4374535267332
0.535920341739852	-2.97332530110668	-40.4374535267332
0.547253392342810	-2.97013408547878	-40.4374535267332
0.561550145481239	-2.96609866722723	-40.4374535267332
0.579197316035589	-2.96110267245084	-40.4374535267332
0.600580801544119	-2.95502685743540	-40.4374535267332
0.626146758050697	-2.94773090902855	-40.4374535267332
0.656278716376085	-2.93908749458947	-40.4374535267332
0.691419913917914	-2.92894636526872	-40.4374535267332
0.731991202532642	-2.91715665839536	-40.4374535267332
0.778370358671958	-2.90357198305396	-40.4374535267332
0.830973319852100	-2.88802557776128	-40.4374535267332
0.890151803098560	-2.87035914599147	-40.4374535267332
0.956315126363289	-2.85038546746124	-40.4374535267332
1.02978716026709	-2.82792985982611	-40.4374535267332
1.11086708865091	-2.80281133744590	-40.4374535267332
1.19986945319143	-2.77482900780344	-40.4374535267332
1.29704248225440	-2.74378646282659	-40.4374535267332
1.40258806538351	-2.70948544923534	-40.4374535267332
1.51670175322671	-2.67171246827079	-40.4374535267332
1.63951172032647	-2.63025844142318	-40.4374535267332
1.77107868878218	-2.58491977256260	-40.4374535267332
1.91149607645057	-2.53546415834467	-40.4374535267332
2.06066917483281	-2.48170881310768	-40.4374535267332
2.21857582391648	-2.42343036884573	-40.4374535267332
2.38506628736722	-2.36043787717463	-40.4374535267332
2.55994377287531	-2.29254691720263	-40.4374535267332
2.74292540322564	-2.21959785307248	-40.4374535267332
2.93372203935208	-2.14142771940961	-40.4374535267332
3.13194053175087	-2.05791296887122	-40.4374535267332
3.33712482543700	-1.96895848152872	-40.4374535267332
3.54877705226420	-1.87449326919201	-40.4374535267332
3.76635900832517	-1.77447410034324	-40.4374535267332
3.98921725073336	-1.66892603339643	-40.4374535267332
4.21672055536052	-1.55788466151575	-40.4374535267332
4.44816589219707	-1.44144488429114	-40.4374535267332
4.68278202314209	-1.31976697303243	-40.4374535267332
4.91982683755753	-1.19303190833366	-40.4374535267332
5.15849559688934	-1.06149318410246	-40.4374535267332
5.39798039186211	-0.925450594307290	-40.4374535267332
5.63743601365233	-0.785273684685557	-40.4374535267332
5.87607434825385	-0.641350105829488	-40.4374535267332
6.11303868238578	-0.494162413489670	-40.4374535267332
6.34755145963584	-0.344200958522597	-40.4374535267332
6.57882494104985	-0.192018477135321	-40.4374535267332
6.80608128051593	-0.0382191620480185	-40.4374535267332
7.02858880741729	0.116566290480811	-40.4374535267332
7.32022173896685	0.172204505002604	-40.3399975763797
7.66866579975114	0.150665909000212	-40.1613486786664
8.01478204131630	0.131250360941096	-39.9780462975185
8.35731538030593	0.114032215802573	-39.7907516915527
8.69513470848594	0.0990715155070570	-39.6001536547445
9.02716390653884	0.0863448426519283	-39.4069511095258
9.35250339973200	0.0758285425454544	-39.2118339868769
9.66986042504956	0.0679980213465688	-39.1068971404698
9.97943176992082	0.0616269386513045	-39.1257236873492
10.2816695407928	0.0555088842503729	-39.1468724937548
10.5759817076598	0.0496584271174606	-39.1703607681447
10.8618769513507	0.0440344890190701	-39.1961577072644
11.1389025592505	0.0386517252148264	-39.2242677107692
11.4066937924547	0.0334673287088012	-39.2547601027560
11.6649236184079	0.0284752121081763	-39.2876472586795
11.9133249582980	0.0236884442832403	-39.3230810518290
12.1517216696133	0.0190455155462114	-39.3610852593026
12.3799210551427	0.0145550207098745	-39.4018412824557
12.5978456604144	0.0102036692613383	-39.4454216728838
12.8054417445701	0.00594573668991709	-39.4919843744909
13.0026914474541	0.00176119269700868	-39.5416613118425
13.1895923412294	-0.00235883194251693	-39.5946690258219
13.3662896785393	-0.00642963916159345	-39.6511037170401
13.5328523085718	-0.0104719341491432	-39.7111962101615
13.6894349425262	-0.0145243348925178	-39.7751082972616
13.8361953537305	-0.0186022216386211	-39.8430109539319
13.9734087438265	-0.0226965606640625	-39.9151013428440
14.1012657432761	-0.0268715858467371	-39.9915478562093
14.2200538227943	-0.0311156535050446	-40.0725153294558
14.3300489052005	-0.0354542663195442	-40.1582236177143
14.4316003505770	-0.0399215980295739	-40.2487807820962
14.5250277358092	-0.0445062596660994	-40.3443728644628
14.6106806195065	-0.0492749175131505	-40.4451365765352
14.6889513814093	-0.0541749843962132	-40.5512077896102
14.7602084908579	-0.0592928300414303	-40.6626934352912
14.8248486400978	-0.0645857136999782	-40.7797143833764
14.8832836351052	-0.0701164524337289	-40.9023040332637
14.9359088737833	-0.0758880669256988	-41.0305743632606
14.9831729718926	-0.0818689827535760	-41.1645310470207
15.0254463956840	-0.0881282493387670	-41.3041938806400
15.0631723026399	-0.0946489809372719	-41.4495320235450
15.0967594930001	-0.101413919562263	-41.6005389767274
15.1265985409457	-0.108490584539617	-41.7571092268698
15.1531303024066	-0.115808613507918	-41.9191304791897
15.1767090802565	-0.123431983620707	-42.0864465277489
15.1977212003513	-0.131307915516055	-42.2589137867214
15.2165318054837	-0.139468875392578	-42.4362640818858
15.2334739646101	-0.147883205867912	-42.6182541739203
15.2488641589484	-0.156538937722989	-42.8045826440053
15.2630255702976	-0.165428461325524	-42.9948690304670
15.2762276376044	-0.174497987076531	-43.1887254860330
15.2887138365911	-0.183777067161064	-43.3856681982683
15.3007138252090	-0.193212414923911	-43.5852009759769
15.3124221138041	-0.202755987585157	-43.7867168416616
15.3239929925473	-0.212396298383716	-43.9895918077796
15.3355267917038	-0.222076240405553	-44.1931703598315
15.3470934673412	-0.231783774587150	-44.3970606402289
15.3586690345245	-0.241498771153616	-44.6012639107440
15.3702772529267	-0.251241170824773	-44.8057445172198
15.3818862634266	-0.260984235277756	-45.0105421649313
15.3934841361137	-0.270717952127209	-45.2156628585264
15.4050800636492	-0.280450036474213	-45.4210796169770
15.4166791790767	-0.290184796315155	-45.6267852524137
15.4282656619192	-0.299908954039004	-45.8328032124871
15.4398125253447	-0.309599860476289	-46.0391457230910
15.4513309315382	-0.319266883685559	-46.2457814433640
15.4628322813652	-0.328919592041835	-46.4527296168519
15.4742856498983	-0.338532031260736	-46.6599677780853
15.4856802242310	-0.348095126421956	-46.8675436644958
15.4970350972712	-0.357624901581216	-47.0754012720720
15.5026994033146	-0.362378769179422	-47.1794334398437
15.5026994033146	-0.362378769179422	-47.1794334398437
15.5026994033146	-0.362378769179422	-47.1794334398437
15.5026994033146	-0.362378769179422	-47.1794334398437
15.5026994033146	-0.362378769179422	-47.1794334398437
15.5026994033146	-0.362378769179422	-47.1794334398437
15.5026994033146	-0.362378769179422	-47.1794334398437
15.5026994033146	-0.362378769179422	-47.1794334398437
15.5026994033146	-0.362378769179422	-47.1794334398437
15.5026994033146	-0.362378769179422	-47.1794334398437
15.5026994033146	-0.362378769179422	-47.1794334398437
15.5026994033146	-0.362378769179422	-47.1794334398437
15.5026994033146	-0.362378769179422	-47.1794334398437
15.5026994033146	-0.362378769179422	-47.1794334398437
15.5026994033146	-0.362378769179422	-47.1794334398437
15.5026994033146	-0.362378769179422	-47.1794334398437
15.5026994033146	-0.362378769179422	-47.1794334398437
15.5026994033146	-0.362378769179422	-47.1794334398437
15.5026994033146	-0.362378769179422	-47.1794334398437
15.5026994033146	-0.362378769179422	-47.1794334398437
15.5026994033146	-0.362378769179422	-47.1794334398437
15.5026994033146	-0.362378769179422	-47.1794334398437
15.5026994033146	-0.362378769179422	-47.1794334398437
15.5026994033146	-0.362378769179422	-47.1794334398437
15.5026994033146	-0.362378769179422	-47.1794334398437
15.5026994033146	-0.362378769179422	-47.1794334398437
15.5026994033146	-0.362378769179422	-47.1794334398437
15.5026994033146	-0.362378769179422	-47.1794334398437
15.5026994033146	-0.362378769179422	-47.1794334398437
15.5026994033146	-0.362378769179422	-47.1794334398437
15.5026994033146	-0.362378769179422	-47.1794334398437
15.5026994033146	-0.362378769179422	-47.1794334398437
15.5026994033146	-0.362378769179422	-47.1794334398437
15.5026994033146	-0.362378769179422	-47.1794334398437
15.5026994033146	-0.362378769179422	-47.1794334398437
15.5026994033146	-0.362378769179422	-47.1794334398437
15.5026994033146	-0.362378769179422	-47.1794334398437
15.5026994033146	-0.362378769179422	-47.1794334398437
15.5026994033146	-0.362378769179422	-47.1794334398437
15.5026994033146	-0.362378769179422	-47.1794334398437
15.5026994033146	-0.362378769179422	-47.1794334398437
15.5026994033146	-0.362378769179422	-47.1794334398437
15.5026994033146	-0.362378769179422	-47.1794334398437
15.5026994033146	-0.362378769179422	-47.1794334398437
15.5026994033146	-0.362378769179422	-47.1794334398437
15.5026994033146	-0.362378769179422	-47.1794334398437
15.5026994033146	-0.362378769179422	-47.1794334398437
15.5026994033146	-0.362378769179422	-47.1794334398437
15.5026994033146	-0.362378769179422	-47.1794334398437
15.5026994033146	-0.362378769179422	-47.1794334398437
15.5026729692471	-0.362377032776630	-47.1794246134050
15.5021590945162	-0.362341119358493	-47.1794492811460
15.5005753365015	-0.362215556353302	-47.1794545825203
15.4973171435988	-0.361911575724486	-47.1794717900209
15.4917503708144	-0.361384303557235	-47.1795029296676
15.4832751005646	-0.360661744532016	-47.1795838749397
15.4713339760030	-0.359594762234212	-47.1796840002617
15.4552861651640	-0.358163249191307	-47.1798278714007
15.4345607541895	-0.356333952237843	-47.1799899897214
15.4086529924153	-0.354021478884907	-47.1802211633150
15.3769387430818	-0.351203156220210	-47.1804812197525
15.3389232499251	-0.347801696402123	-47.1808240049552
15.2941257213449	-0.343761045460421	-47.1812082864796
15.2419752239473	-0.339109178839117	-47.1816757382882
15.1820386542913	-0.333701117390773	-47.1822019919054
15.1138050053684	-0.327596524908598	-47.1827954868359
15.0369144066020	-0.320647461776896	-47.1834632155229
14.9508676037169	-0.312829140989824	-47.1842779068163
14.8553672157644	-0.304151809395898	-47.1851568589216
14.7499706130174	-0.294526822831460	-47.1861408534813
14.6343765031498	-0.283932911554737	-47.1872270621772
14.5082252772576	-0.272319520775211	-47.1884663195194
14.3713004045086	-0.259671999643951	-47.1898004384223
14.2233351807475	-0.245902176099769	-47.1912907853601
14.0641073191769	-0.231016174372840	-47.1929119597628
13.8933861309452	-0.214959355805897	-47.1947033754246
13.7110614132620	-0.197723805187467	-47.1966577668229
13.5169661919953	-0.179207774321221	-47.1987656367733
13.3110573326909	-0.159462468222523	-47.2010738646463
13.0872715236799	-0.156089229958507	-47.1998125895079
12.8507712176440	-0.153430609335416	-47.1982991690700
12.6017702281602	-0.150644567726230	-47.1967434010029
12.3402385608337	-0.147700590495546	-47.1951471275693
12.0662588229796	-0.144620921394424	-47.1934991977942
11.7798941731810	-0.141367525092328	-47.1918182390943
11.4812304201758	-0.137996003285551	-47.1901356149335
11.1703409334666	-0.134453014086111	-47.1884087746007
10.8474695186833	-0.130761841440033	-47.1866640212151
10.5127645389728	-0.126887319319752	-47.1849327613466
10.1664401491589	-0.122898506074897	-47.1831453150199
9.80874444665129	-0.118727003442735	-47.1814050047081
9.43996197254470	-0.114442191478617	-47.1796508878680
9.06039161780927	-0.110008379037170	-47.1779387135849
8.67037902706014	-0.105422518130856	-47.1762537309110
8.27025866163075	-0.100682054510376	-47.1745650704894
7.86042338564838	-0.0958321057609507	-47.1729782362468
7.44127209691002	-0.0908284700397525	-47.1713981581761
7.01325131556548	-0.0857478073155507	-47.1698638603793
6.57683568766289	-0.0804993896192831	-47.1684351292768
6.13239101512100	-0.0751919633063451	-47.1670537380922
5.68055460641941	-0.0696959824006788	-47.1657530797683
5.22174299753806	-0.0641745541627057	-47.1645470939504
4.75657115352341	-0.0585265720920866	-47.1633995843312
4.28547248358719	-0.0527988295747740	-47.1623576681791
3.80908664865920	-0.0470171654427648	-47.1614139723138
3.32796753068035	-0.0411471444520551	-47.1605842003127
2.84267500518692	-0.0352094290889701	-47.1598478706572
2.35386260707733	-0.0292023335180708	-47.1592041758008
1.86208087783831	-0.0231812459741415	-47.1586990321853
1.36795804843398	-0.0170902176010367	-47.1583319074173
0.872156167759678	-0.0110023618496566	-47.1580414150090
0.375204949188607	-0.00489941029800272	-47.1578953646336
-0.122153737463344	0.00121453716171087	-47.1578823268306
-0.619391694421293	0.00732062656876358	-47.1579584055905
-1.11580989720265	0.0134213031350775	-47.1581637628104
-1.61086781090900	0.0195200385013652	-47.1585002405361
-2.10389490512280	0.0255453435739673	-47.1589593137409
-2.59426522740186	0.0315872402287815	-47.1595062898396
-3.08137588715493	0.0375250989729854	-47.1601698434122
-3.56463923525297	0.0434717989561383	-47.1609767360829
-4.04348751474763	0.0492820916836613	-47.1618705195964
-4.51729778602307	0.0550647065665081	-47.1628717472961
-4.98549211658836	0.0607537445523520	-47.1639562936442
-5.44756401192795	0.0663713222397978	-47.1651318324089
-5.90297431822929	0.0718408170674967	-47.1663996328838
-6.35114156413088	0.0772261329001100	-47.1677401227031
-6.79164236593826	0.0825246578280896	-47.1691770111887
-7.22392382568626	0.0876830272766958	-47.1706325059738
-7.64757594806107	0.0927436537102727	-47.1721878351031
-8.06210487388037	0.0976653467959390	-47.1737713415637
-8.46713803279939	0.102454525357346	-47.1754083211990
-8.86227022356459	0.107070715027145	-47.1770917177941
-9.24710070565110	0.111626118046529	-47.1787779526344
-9.62131097258328	0.115986877148346	-47.1805241861271
-9.98458068455403	0.120226839047397	-47.1822760261474
-10.3366330316284	0.124270534864037	-47.1840369856139
-10.6771841229196	0.128179603234259	-47.1857762460119
-11.0059958334182	0.131981319183523	-47.1875340174367
-11.3228847378907	0.135615318330818	-47.1892917254902
-11.6276383790019	0.139087843634501	-47.1909972236696
-11.9202154811383	0.142378658141933	-47.1926880015772
-12.2004048082787	0.145564961069175	-47.1943301282459
-12.4681405355899	0.148593956537596	-47.1959524689248
-12.7233922885207	0.151434632070672	-47.1975512874502
-12.9661651764672	0.154135026090612	-47.1990635321229
-13.1964589118417	0.156698471693578	-47.2005349273945
-13.4110627923835	0.168851805105232	-47.1999095245786
-13.6110846985678	0.188004579968004	-47.1976870612089
-13.7992731501001	0.205859111496922	-47.1956207345137
-13.9757698188622	0.222512251081903	-47.1937768796047
-14.1407134905068	0.237997887395550	-47.1920686717256
-14.2943361401385	0.252279801202530	-47.1905145684150
-14.4367201196487	0.265505449290093	-47.1891023383987
-14.5682087596579	0.277624310719877	-47.1878165236992
-14.6890542059468	0.288721762680526	-47.1866589931682
-14.7994813544379	0.298821972907279	-47.1856055031923
-14.8999123420751	0.307972141089710	-47.1846931457843
-14.9906566278920	0.316206183913056	-47.1838480968459
-15.0720666355704	0.323549809039050	-47.1831254836362
-15.1445603533033	0.330088744800678	-47.1824795523002
-15.2085924623744	0.335880319111477	-47.1819314700072
-15.2645768442128	0.340884292944272	-47.1814283349006
-15.3130248912835	0.345222679110494	-47.1809987582720
-15.3543577387118	0.348946328555969	-47.1806666278389
-15.3891293300661	0.352029408213843	-47.1803452705841
-15.4178882116332	0.354625433585500	-47.1800918490719
-15.4411253507900	0.356658279283015	-47.1799140771957
-15.4594217419790	0.358277874643078	-47.1797388211721
-15.4733797447596	0.359523957793910	-47.1796325235995
-15.4834960426979	0.360425628378650	-47.1795514931989
-15.4904512957661	0.361064125661647	-47.1794866740034
-15.4947963744902	0.361446564803674	-47.1794454271417
-15.4971505265466	0.361662540659331	-47.1794429054430
-15.4981143113765	0.361732499949803	-47.1794235380740
-15.4982845231417	0.361748071920177	-47.1794334398437
-15.4982845231417	0.361748071920177	-47.1794334398437
-15.4982845231417	0.361748071920177	-47.1794334398437
-15.4982845231417	0.361748071920177	-47.1794334398437
-15.4982845231417	0.361748071920177	-47.1794334398437
-15.4982845231417	0.361748071920177	-47.1794334398437
-15.4982845231417	0.361748071920177	-47.1794334398437
-15.4982845231417	0.361748071920177	-47.1794334398437
-15.4982845231417	0.361748071920177	-47.1794334398437
-15.4982845231417	0.361748071920177	-47.1794334398437
-15.4982845231417	0.361748071920177	-47.1794334398437
-15.4982845231417	0.361748071920177	-47.1794334398437
-15.4982845231417	0.361748071920177	-47.1794334398437
-15.4982845231417	0.361748071920177	-47.1794334398437
-15.4982845231417	0.361748071920177	-47.1794334398437
-15.4982845231417	0.361748071920177	-47.1794334398437
-15.4982845231417	0.361748071920177	-47.1794334398437
-15.4982845231417	0.361748071920177	-47.1794334398437
-15.4982845231417	0.361748071920177	-47.1794334398437
-15.4982845231417	0.361748071920177	-47.1794334398437
-15.4982845231417	0.361748071920177	-47.1794334398437
-15.4982845231417	0.361748071920177	-47.1794334398437
-15.4982845231417	0.361748071920177	-47.1794334398437
-15.4982845231417	0.361748071920177	-47.1794334398437
-15.4982845231417	0.361748071920177	-47.1794334398437
-15.4982845231417	0.361748071920177	-47.1794334398437
-15.4982845231417	0.361748071920177	-47.1794334398437
-15.4982845231417	0.361748071920177	-47.1794334398437
-15.4982845231417	0.361748071920177	-47.1794334398437
-15.4982845231417	0.361748071920177	-47.1794334398437
-15.4982845231417	0.361748071920177	-47.1794334398437
-15.4982845231417	0.361748071920177	-47.1794334398437
-15.4982845231417	0.361748071920177	-47.1794334398437
-15.4982845231417	0.361748071920177	-47.1794334398437
-15.4982845231417	0.361748071920177	-47.1794334398437
-15.4982845231417	0.361748071920177	-47.1794334398437
-15.4982845231417	0.361748071920177	-47.1794334398437
-15.4982845231417	0.361748071920177	-47.1794334398437
-15.4982845231417	0.361748071920177	-47.1794334398437
-15.4982845231417	0.361748071920177	-47.1794334398437
-15.4982845231417	0.361748071920177	-47.1794334398437
-15.4982845231417	0.361748071920177	-47.1794334398437
-15.4982845231417	0.361748071920177	-47.1794334398437
-15.4982845231417	0.361748071920177	-47.1794334398437
-15.4982845231417	0.361748071920177	-47.1794334398437
-15.4982845231417	0.361748071920177	-47.1794334398437
-15.4982845231417	0.361748071920177	-47.1794334398437
-15.4982845231417	0.361748071920177	-47.1794334398437
-15.4982845231417	0.361748071920177	-47.1794334398437
-15.4982845231417	0.361748071920177	-47.1794334398437
-15.4982845231417	0.361748071920177	-47.1794334398437
-15.4982791546590	0.361743566327503	-47.1793183684568
-15.4981374789675	0.361624662533403	-47.1765980319934
-15.4976086504025	0.361180833940659	-47.1670457187278
-15.4965376352885	0.360281965834165	-47.1472903191068
-15.4947791643435	0.358806138436556	-47.1149855779269
-15.4922622277178	0.356693755493219	-47.0685352923754
-15.4889104940297	0.353880754561538	-47.0071235761412
-15.4847247371480	0.350367785124283	-46.9305808412404
-15.4797309680856	0.346176677377537	-46.8392111512526
-15.4739386247505	0.341315352250102	-46.7338680274875
-15.4674105608786	0.335836560835616	-46.6156578928776
-15.4602473738503	0.329824731239447	-46.4859314704518
-15.4525140045350	0.323334366218405	-46.3462449490904
-15.4442744655971	0.316419189517021	-46.1981700595010
-15.4356143399780	0.309151028110986	-46.0432290696786
-15.4266435431965	0.301622130515668	-45.8827396712083
-15.4173913291409	0.293857048566814	-45.7178507497099
-15.4079077152882	0.285897760304090	-45.5493402080277
-15.3982236246954	0.277770218442053	-45.3775209773023
-15.3883090337796	0.269449225165467	-45.2022518316834
-15.3781469348121	0.260920506441447	-45.0227296636584
-15.3677722012718	0.252177856314377	-44.8388548694493
-15.3573098723214	0.243255339002225	-44.6515840753061
-15.3468008717116	0.234222920374257	-44.4618110432733
-15.3362417948560	0.225113267359891	-44.2704313178826
-15.3257027932130	0.215949908844101	-44.0781947367706
-15.3150478206626	0.206831096439536	-43.8858340474494
-15.3042219301338	0.197710499412719	-43.6940416263194
-15.2930690182020	0.188704339698765	-43.5034143861646
-15.2814163792219	0.179773034455941	-43.3145451971740
-15.2690870577946	0.171014408055382	-43.1278787444112
-15.2558376302568	0.162399275686409	-42.9439236963690
-15.2414176129304	0.153962484952582	-42.7630911535252
-15.2255442555779	0.145746174972895	-42.5856947944373
-15.2078979316934	0.137725109827906	-42.4121291627805
-15.1881529546592	0.129938062906387	-42.2426346441436
-15.1659613582018	0.122403222594911	-42.0774671521673
-15.1409819040109	0.115107045505380	-41.9167980245882
-15.1128092063301	0.108049639477496	-41.7608566423980
-15.0810710381858	0.101220455050452	-41.6097611569475
-15.0453624208244	0.0946475817721334	-41.4636191450605
-15.0052749442775	0.0883161036568016	-41.3224959927446
-14.9604118831928	0.0822152346581934	-41.1864722120958
-14.9103400112463	0.0763316121741829	-41.0555464504733
-14.8546616966603	0.0706741154522878	-40.9297423611344
-14.7929719245624	0.0652014190221992	-40.8090615484845
-14.7248433690753	0.0599478784432807	-40.6934245657604
-14.6499125750171	0.0548508923527596	-40.5828197744809
-14.5677820158062	0.0499109274514982	-40.4771293801166
-14.4780425927167	0.0451386996679659	-40.3763272720379
-14.3803872518794	0.0404777506660362	-40.2802660139071
-14.2744168165551	0.0359490078018035	-40.1888652438432
-14.1598425736039	0.0315112530864058	-40.1020062956152
-14.0363415797948	0.0271431315823676	-40.0195592652773
-13.9036432543763	0.0228477559504768	-39.9413794378238
-13.7614954840924	0.0185872432100282	-39.8673305754833
-13.6096381001842	0.0143616033522119	-39.7972924366291
-13.4479179540555	0.0101379493322189	-39.7311098211760
-13.2761497023435	0.00589807131361227	-39.6686365384534
-13.0942015188456	0.00164557577077478	-39.6097476638753
-12.9019813128573	-0.00267555181842654	-39.5543081954062
-12.6994168895806	-0.00706120223144030	-39.5021845281436
-12.4865305655774	-0.0115487034448547	-39.4532584545198
-12.2633399280758	-0.0161366120370361	-39.4074051864089
-12.0299274092214	-0.0208554751123748	-39.3645107960489
-11.7864171697927	-0.0257185808636017	-39.3244902343389
-11.5329800882961	-0.0307489476511426	-39.2872824220165
-11.2698583972796	-0.0359507373021565	-39.2527636147818
-10.9973432361744	-0.0413611957130162	-39.2209319564247
-10.7157772708485	-0.0469741192666772	-39.1916992981855
-10.4255789950483	-0.0528110685114064	-39.1650738980538
-10.1271956355588	-0.0588953751733062	-39.1410688104484
-9.82117656627403	-0.0651989766359279	-39.1196348405477
-9.50804456416468	-0.0718454545493764	-39.1136246850068
-9.18635011336161	-0.0813534532108086	-39.3095009473866
-8.85753881253980	-0.0929979228189749	-39.5037798245536
-8.52247252215526	-0.106873158365866	-39.6958015954333
-8.18216814145380	-0.122969433316806	-39.8848331090930
-7.83769599221488	-0.141311269167062	-40.0702266620103
-7.49022979224152	-0.161807289211200	-40.2512990701457
-7.14112672986157	-0.184367847965066	-40.4273812328615
-6.91355074449190	-0.0397165302437482	-40.4374535267332
-6.68858566969146	0.114652419165766	-40.4374535267332
-6.45922529855689	0.267721274050134	-40.4374535267332
-6.22623314516616	0.418866249163038	-40.4374535267332
-5.99036508285518	0.567525575412544	-40.4374535267332
-5.75243972058137	0.713154674200467	-40.4374535267332
-5.51328365941150	0.855261811214679	-40.4374535267332
-5.27367392255854	0.993439099520018	-40.4374535267332
-5.03446393932045	1.12728623902659	-40.4374535267332
-4.79645269218105	1.25648418935686	-40.4374535267332
-4.56047471098245	1.38074108807522	-40.4374535267332
-4.32728499766568	1.49984998855550	-40.4374535267332
-4.09764981896001	1.61363539738975	-40.4374535267332
-3.87230666654356	1.72197019882124	-40.4374535267332
-3.65194231787213	1.82478075588512	-40.4374535267332
-3.43718987939784	1.92204195445066	-40.4374535267332
-3.22862613298220	2.01377225992825	-40.4374535267332
-3.02678876182141	2.10002061407057	-40.4374535267332
-2.83215502274257	2.18087076323535	-40.4374535267332
-2.64513992846694	2.25643668725690	-40.4374535267332
-2.46611450442483	2.32685060024465	-40.4374535267332
-2.29534523253665	2.39228233314789	-40.4374535267332
-2.13309205706307	2.45289716897393	-40.4374535267332
-1.97948852811503	2.50889812963861	-40.4374535267332
-1.83466066238816	2.56047835046676	-40.4374535267332
-1.69864691235019	2.60784838761069	-40.4374535267332
-1.57145810266051	2.65121290557579	-40.4374535267332
-1.45303736594757	2.69078344178897	-40.4374535267332
-1.34326008936775	2.72677687475129	-40.4374535267332
-1.24197450385693	2.75940135696586	-40.4374535267332
-1.14898187339371	2.78886288091183	-40.4374535267332
-1.06405711593653	2.81535888926720	-40.4374535267332
-0.986928992243456	2.83908498988189	-40.4374535267332
-0.917280432888146	2.86023523591599	-40.4374535267332
-0.854789681137540	2.87899042819285	-40.4374535267332
-0.799090066724498	2.89553136605440	-40.4374535267332
-0.749831568683256	2.91002158455828	-40.4374535267332
-0.706579319828933	2.92263844961551	-40.4374535267332
-0.668977188060170	2.93352636978440	-40.4374535267332
-0.636584951873226	2.94284558833334	-40.4374535267332
-0.609001131750505	2.95073760349572	-40.4374535267332
-0.585781618304433	2.95734973217098	-40.4374535267332
-0.566521725240352	2.96281266810164	-40.4374535267332
-0.550795133382106	2.96725887449160	-40.4374535267332
-0.538215495473445	2.97080597812268	-40.4374535267332
-0.528354805936306	2.97358057716958	-40.4374535267332
-0.520866338792977	2.97568425461682	-40.4374535267332
-0.508655355829569	2.95474344392608	-40.6494951607570
-0.494159433431156	2.92022847005749	-40.9392782377335
-0.479094439512301	2.87893873590018	-41.2338589118647
-0.463088873032077	2.83083048777868	-41.5320572634429
-0.445836376232542	2.77592753467797	-41.8326947174865
-0.427126197851516	2.71434870139898	-42.1344560281186
-0.406778495280890	2.64631064317216	-42.4360252043767
-0.384690092763117	2.57213299571401	-42.7360348728468
-0.360847167621077	2.49206328066175	-43.0336627079909
-0.335286411550905	2.40622471669082	-43.3286342211148
-0.308046133911559	2.31474595493933	-43.6207093893768
-0.279165321495885	2.21775792151540	-43.9096823197067
-0.248685717156719	2.11540079797441	-44.1953534505473
-0.216653306971940	2.00782901554197	-44.4775164138117
-0.183113633163466	1.89519551487913	-44.7559992083265
-0.148114373007879	1.77766040662362	-45.0306368052976
-0.111701607122235	1.65537843948413	-45.3012977197903
-0.0739284176934731	1.52852787495993	-45.5678178541661
-0.0348401910863847	1.39726113031001	-45.8301057436222
0.00550897093385127	1.26175989099849	-46.0880245988960
0.0470696591452728	1.12219008391152	-46.3414834184555
0.0897939614343356	0.978712608320196	-46.5904100092093
0.111574905182168	0.905567474110858	-46.7131388269415
0.111574905182168	0.905567474110858	-46.7131388269415
0.111574905182168	0.905567474110858	-46.7131388269415
0.111574905182168	0.905567474110858	-46.7131388269415
0.111574905182168	0.905567474110858	-46.7131388269415
0.111574905182168	0.905567474110858	-46.7131388269415
0.111574905182168	0.905567474110858	-46.7131388269415
0.111574905182168	0.905567474110858	-46.7131388269415
0.111574905182168	0.905567474110858	-46.7131388269415
0.111574905182168	0.905567474110858	-46.7131388269415
0.111574905182168	0.905567474110858	-46.7131388269415
0.111574905182168	0.905567474110858	-46.7131388269415
0.111574905182168	0.905567474110858	-46.7131388269415
0.111574905182168	0.905567474110858	-46.7131388269415
0.111574905182168	0.905567474110858	-46.7131388269415
0.111574905182168	0.905567474110858	-46.7131388269415
0.111574905182168	0.905567474110858	-46.7131388269415
0.111574905182168	0.905567474110858	-46.7131388269415
0.111574905182168	0.905567474110858	-46.7131388269415
0.111574905182168	0.905567474110858	-46.7131388269415
0.111574905182168	0.905567474110858	-46.7131388269415
0.111574905182168	0.905567474110858	-46.7131388269415
0.111574905182168	0.905567474110858	-46.7131388269415
0.111574905182168	0.905567474110858	-46.7131388269415
0.111574905182168	0.905567474110858	-46.7131388269415
0.111574905182168	0.905567474110858	-46.7131388269415
0.111574905182168	0.905567474110858	-46.7131388269415
0.111574905182168	0.905567474110858	-46.7131388269415
0.111574905182168	0.905567474110858	-46.7131388269415
0.111574905182168	0.905567474110858	-46.7131388269415
0.111574905182168	0.905567474110858	-46.7131388269415
0.111574905182168	0.905567474110858	-46.7131388269415
0.111574905182168	0.905567474110858	-46.7131388269415
0.111574905182168	0.905567474110858	-46.7131388269415
0.111574905182168	0.905567474110858	-46.7131388269415
0.111574905182168	0.905567474110858	-46.7131388269415
0.111574905182168	0.905567474110858	-46.7131388269415
0.111574905182168	0.905567474110858	-46.7131388269415
0.111574905182168	0.905567474110858	-46.7131388269415
0.111574905182168	0.905567474110858	-46.7131388269415
0.111574905182168	0.905567474110858	-46.7131388269415
0.111574905182168	0.905567474110858	-46.7131388269415
0.111574905182168	0.905567474110858	-46.7131388269415
0.111574905182168	0.905567474110858	-46.7131388269415
0.111574905182168	0.905567474110858	-46.7131388269415
0.111574905182168	0.905567474110858	-46.7131388269415
0.111574905182168	0.905567474110858	-46.7131388269415
0.111574905182168	0.905567474110858	-46.7131388269415
0.111574905182168	0.905567474110858	-46.7131388269415
0.111574905182168	0.905567474110858	-46.7131388269415
0.111574905182168	0.905567474110858	-46.7131388269415
0.111574905182168	0.905567474110858	-46.7131388269415
0.111574905182168	0.905567474110858	-46.7131388269415
0.111574905182168	0.905567474110858	-46.7131388269415
0.111574905182168	0.905567474110858	-46.7131388269415
0.111574905182168	0.905567474110858	-46.7131388269415
0.111574905182168	0.905567474110858	-46.7131388269415
0.111574905182168	0.905567474110858	-46.7131388269415
0.111574905182168	0.905567474110858	-46.7131388269415
0.111574905182168	0.905567474110858	-46.7131388269415
0.111574905182168	0.905567474110858	-46.7131388269415
0.111574905182168	0.905567474110858	-46.7131388269415
0.111574905182168	0.905567474110858	-46.7131388269415
0.111574905182168	0.905567474110858	-46.7131388269415
0.111574905182168	0.905567474110858	-46.7131388269415
0.111574905182168	0.905567474110858	-46.7131388269415
0.111574905182168	0.905567474110858	-46.7131388269415
0.111574905182168	0.905567474110858	-46.7131388269415
0.111574905182168	0.905567474110858	-46.7131388269415
0.111574905182168	0.905567474110858	-46.7131388269415
0.111574905182168	0.905567474110858	-46.7131388269415
0.111574905182168	0.905567474110858	-46.7131388269415
0.111574905182168	0.905567474110858	-46.7131388269415
0.111574905182168	0.905567474110858	-46.7131388269415
0.111574905182168	0.905567474110858	-46.7131388269415
0.111574905182168	0.905567474110858	-46.7131388269415
0.111574905182168	0.905567474110858	-46.7131388269415
0.111574905182168	0.905567474110858	-46.7131388269415
0.111574905182168	0.905567474110858	-46.7131388269415
0.111574905182168	0.905567474110858	-46.7131388269415
0.111574905182168	0.905567474110858	-46.7131388269415
0.111574905182168	0.905567474110858	-46.7131388269415
0.111574905182168	0.905567474110858	-46.7131388269415
0.111574905182168	0.905567474110858	-46.7131388269415
0.111574905182168	0.905567474110858	-46.7131388269415
0.111574905182168	0.905567474110858	-46.7131388269415
0.111574905182168	0.905567474110858	-46.7131388269415
0.111574905182168	0.905567474110858	-46.7131388269415
0.111574905182168	0.905567474110858	-46.7131388269415
0.111574905182168	0.905567474110858	-46.7131388269415
0.111574905182168	0.905567474110858	-46.7131388269415
0.111574905182168	0.905567474110858	-46.7131388269415
0.111574905182168	0.905567474110858	-46.7131388269415
0.111574905182168	0.905567474110858	-46.7131388269415
0.111574905182168	0.905567474110858	-46.7131388269415
0.111574905182168	0.905567474110858	-46.7131388269415
0.111574905182168	0.905567474110858	-46.7131388269415
0.111574905182168	0.905567474110858	-46.7131388269415
0.111574905182168	0.905567474110858	-46.7131388269415
0.111574905182168	0.905567474110858	-46.7131388269415
0.111599318283373	0.905649458600806	-46.7130027703158
0.112171788095727	0.907571936420913	-46.7098113869637
0.114184657873223	0.914331589800738	-46.6985755819515
0.118331970764526	0.928259166197536	-46.6753536534080
0.125097850562067	0.950980458330937	-46.6372604930321
0.134781468264534	0.983500147315928	-46.5822818344409
0.147504888255299	1.02622815183222	-46.5092068839213
0.163235375678428	1.07905454113220	-46.4175073467949
0.181815028765351	1.14144904682212	-46.3071986531558
0.202973715095592	1.21250450563221	-46.1788197141451
0.226371202245289	1.29107834327397	-46.0332521408076
0.251606371536366	1.37582351620870	-45.8717417216687
0.278255204173774	1.46531607733706	-45.6957403416522
0.305892548083091	1.55812827376165	-45.5068314192090
0.334120905285604	1.65292522103777	-45.3065838919622
0.362577128732220	1.74848739259435	-45.0965291756002
0.390964738496003	1.84381914451908	-44.8779209418934
0.419058929390218	1.93816553222623	-44.6516435802404
0.446717383307219	2.03104862063618	-44.4180348259268
0.473876024844706	2.12225323064768	-44.1767832252462
0.500550782423534	2.21183285335341	-43.9267270293285
0.526577305409585	2.29945147486291	-43.6676516942422
0.551690740537645	2.38429472280232	-43.4007829483325
0.575606206851321	2.46562708502899	-43.1274465724012
0.598207885325248	2.54277377305831	-42.8489691574832
0.619375111097127	2.61518495654420	-42.5666452041973
0.639098630497448	2.68238906636866	-42.2817596771381
0.657422974105360	2.74401600609482	-41.9955539750290
0.674481850810245	2.79976857370443	-41.7092770925516
0.690462865379321	2.84945086861188	-41.4240798610638
0.705598718945095	2.89294002698917	-41.1411238487733
0.720190375276338	2.93019142715973	-40.8614757208270
0.734581155691240	2.96122723549270	-40.5861599412258
0.745715587204558	2.97461650203910	-40.4374535267332
0.754406817315361	2.97186212972375	-40.4374535267332
0.765628710100870	2.96829968457140	-40.4374535267332
0.779784918385613	2.96379596191509	-40.4374535267332
0.797258117853272	2.95822192453238	-40.4374535267332
0.818430072845661	2.95144569384010	-40.4374535267332
0.843742080199961	2.94331235018897	-40.4374535267332
0.873573272624891	2.93368200833651	-40.4374535267332
0.908361702919561	2.92238991436739	-40.4374535267332
0.948523030266677	2.90927143756034	-40.4374535267332
0.994430008936218	2.89416783409096	-40.4374535267332
1.04649286322039	2.87689874476263	-40.4374535267332
1.10505791027754	2.85729438417571	-40.4374535267332
1.17052808514479	2.83515416325738	-40.4374535267332
1.24322133441971	2.81029283605869	-40.4374535267332
1.32343072385699	2.78251966916348	-40.4374535267332
1.41146401361554	2.75162352765180	-40.4374535267332
1.50756283403961	2.71739994091672	-40.4374535267332
1.61192244102682	2.67964411910171	-40.4374535267332
1.72473125330078	2.63813624373494	-40.4374535267332
1.84611049543895	2.59266313147184	-40.4374535267332
1.97611415652990	2.54301929816273	-40.4374535267332
2.11482795898777	2.48896949201167	-40.4374535267332
2.26215123034018	2.43033414311251	-40.4374535267332
2.41805447178619	2.36689073370655	-40.4374535267332
2.58238174419734	2.29845334649099	-40.4374535267332
2.75493029276984	2.22484413667950	-40.4374535267332
2.93541214006973	2.14591286405356	-40.4374535267332
3.12353294063298	2.06150616675128	-40.4374535267332
3.31889569209794	1.97151350245923	-40.4374535267332
3.52104145620847	1.87585481102972	-40.4374535267332
3.72947029834364	1.77447552700715	-40.4374535267332
3.94364288341007	1.66735015397874	-40.4374535267332
4.16290694709903	1.55452524086073	-40.4374535267332
4.38663277851219	1.43605713441894	-40.4374535267332
4.61412085147142	1.31206381877328	-40.4374535267332
4.84460561996184	1.18273085900738	-40.4374535267332
5.07735133117423	1.04826355971983	-40.4374535267332
5.31156202463744	0.908941760561032	-40.4374535267332
5.54644009455961	0.765091680509050	-40.4374535267332
5.78115295125662	0.617110480016671	-40.4374535267332
6.01492566474720	0.465411535658483	-40.4374535267332
6.24691786615431	0.310505335288122	-40.4374535267332
6.47636855712302	0.152907552678837	-40.4374535267332
6.70250861530389	-0.00680345174007918	-40.4374535267332
6.92458049920770	-0.167998214459745	-40.4374535267332
7.14187369003155	-0.330022302372344	-40.4374535267332
7.42828430422124	-0.392720125986038	-40.3399975763797
7.77152145982804	-0.378040289166342	-40.1613486786664
8.11246801957837	-0.365265080506118	-39.9780462975185
8.44988928828587	-0.354454820222380	-39.7907516915527
8.78267199787403	-0.345659974160653	-39.6001536547445
9.10975730034981	-0.338849129343474	-39.4069511095258
9.43025946907682	-0.333995309063638	-39.2118339868769
9.74289821119830	-0.331572422045799	-39.1068971404698
10.0478822349638	-0.330353313933767	-39.1257236873492
10.3456721358746	-0.329134486603955	-39.1468724937548
10.6356836230991	-0.327933899365603	-39.1703607681447
10.9174318622137	-0.326714809607765	-39.1961577072644
11.1904688452274	-0.325497599270166	-39.2242677107692
11.4544336844632	-0.324245509576179	-39.2547601027560
11.7090018469489	-0.322959291818702	-39.2876472586795
11.9539073814487	-0.321659604264061	-39.3230810518290
12.1889748881881	-0.320292264513552	-39.3610852593026
12.4140115463363	-0.318873421880585	-39.4018412824557
12.6289384122597	-0.317398039181236	-39.4454216728838
12.8337004118997	-0.315827882810994	-39.4919843744909
13.0282775228632	-0.314150628660407	-39.5416613118425
13.2126648486963	-0.312364851949171	-39.5946690258219
13.3870033425023	-0.310463861000096	-39.6511037170401
13.5513588202725	-0.308433885134375	-39.7111962101615
13.7058821999376	-0.306243484425484	-39.7751082972616
13.8507272326642	-0.303884236632904	-39.8430109539319
13.9861633184956	-0.301373320278792	-39.9151013428440
14.1123776991891	-0.298652119426003	-39.9915478562093
14.2296521901229	-0.295739575537834	-40.0725153294558
14.3382579438605	-0.292616386559756	-40.1582236177143
14.4385388781776	-0.289254886284101	-40.2487807820962
14.5308089937736	-0.285672826879603	-40.3443728644628
14.6154132127899	-0.281808861464179	-40.4451365765352
14.6927370538236	-0.277722607458313	-40.5512077896102
14.7631446808959	-0.273332337720913	-40.6626934352912
14.8270262749400	-0.268687165064538	-40.7797143833764
14.8847886512455	-0.263729196448359	-40.9023040332637
14.9368216221564	-0.258460717448806	-41.0305743632606
14.9835670943965	-0.252919448688873	-41.1645310470207
15.0253914448031	-0.247040169380645	-41.3041938806400
15.0627315666528	-0.240845356129911	-41.4495320235450
15.0959904942634	-0.234357364337306	-41.6005389767274
15.1255546117488	-0.227512385807850	-41.7571092268698
15.1518578871134	-0.220386720417517	-41.9191304791897
15.1752509260569	-0.212919602020958	-42.0864465277489
15.1961142019025	-0.205168805027281	-42.2589137867214
15.2148085985796	-0.197105493722698	-42.4362640818858
15.2316623823334	-0.188765395219889	-42.6182541739203
15.2469877602502	-0.180164090902692	-42.8045826440053
15.2611036354808	-0.171312796817347	-42.9948690304670
15.2742751649689	-0.162268905173771	-43.1887254860330
15.2867431476894	-0.153005114805420	-43.3856681982683
15.2987334922461	-0.143577861301290	-43.5852009759769
15.3104374944932	-0.134037886076246	-43.7867168416616
15.3220073016682	-0.124398474611751	-43.9895918077796
15.3335411008247	-0.114718532589922	-44.1931703598315
15.3451077764622	-0.105010998408321	-44.3970606402289
15.3566833436455	-0.0952960018418547	-44.6012639107440
15.3682915620476	-0.0855536021706976	-44.8057445172198
15.3799005725475	-0.0758105377177106	-45.0105421649313
15.3914984452347	-0.0660768208682652	-45.2156628585264
15.4030943727701	-0.0563447365212612	-45.4210796169770
15.4146934881976	-0.0466099766803153	-45.6267852524137
15.4262799710402	-0.0368858189564747	-45.8328032124871
15.4378268344656	-0.0271949125191821	-46.0391457230910
15.4493452406592	-0.0175278893099117	-46.2457814433640
15.4608465904861	-0.00787518095363577	-46.4527296168519
15.4722999590192	0.00173725826526482	-46.6599677780853
15.4836945333520	0.0113003534264815	-46.8675436644958
15.4950494063921	0.0208301285857410	-47.0754012720720
15.5007137124355	0.0255839961839476	-47.1794334398437
15.5007137124355	0.0255839961839476	-47.1794334398437
15.5007137124355	0.0255839961839476	-47.1794334398437
15.5007137124355	0.0255839961839476	-47.1794334398437
15.5007137124355	0.0255839961839476	-47.1794334398437
15.5007137124355	0.0255839961839476	-47.1794334398437
15.5007137124355	0.0255839961839476	-47.1794334398437
15.5007137124355	0.0255839961839476	-47.1794334398437
15.5007137124355	0.0255839961839476	-47.1794334398437
15.5007137124355	0.0255839961839476	-47.1794334398437
15.5007137124355	0.0255839961839476	-47.1794334398437
15.5007137124355	0.0255839961839476	-47.1794334398437
15.5007137124355	0.0255839961839476	-47.1794334398437
15.5007137124355	0.0255839961839476	-47.1794334398437
15.5007137124355	0.0255839961839476	-47.1794334398437
15.5007137124355	0.0255839961839476	-47.1794334398437
15.5007137124355	0.0255839961839476	-47.1794334398437
15.5007137124355	0.0255839961839476	-47.1794334398437
15.5007137124355	0.0255839961839476	-47.1794334398437
15.5007137124355	0.0255839961839476	-47.1794334398437
15.5007137124355	0.0255839961839476	-47.1794334398437
15.5007137124355	0.0255839961839476	-47.1794334398437
15.5007137124355	0.0255839961839476	-47.1794334398437
15.5007137124355	0.0255839961839476	-47.1794334398437
15.5007137124355	0.0255839961839476	-47.1794334398437
15.5007137124355	0.0255839961839476	-47.1794334398437
15.5007137124355	0.0255839961839476	-47.1794334398437
15.5007137124355	0.0255839961839476	-47.1794334398437
15.5007137124355	0.0255839961839476	-47.1794334398437
15.5007137124355	0.0255839961839476	-47.1794334398437
15.5007137124355	0.0255839961839476	-47.1794334398437
15.5007137124355	0.0255839961839476	-47.1794334398437
15.5007137124355	0.0255839961839476	-47.1794334398437
15.5007137124355	0.0255839961839476	-47.1794334398437
15.5007137124355	0.0255839961839476	-47.1794334398437
15.5007137124355	0.0255839961839476	-47.1794334398437
15.5007137124355	0.0255839961839476	-47.1794334398437
15.5007137124355	0.0255839961839476	-47.1794334398437
15.5007137124355	0.0255839961839476	-47.1794334398437
15.5007137124355	0.0255839961839476	-47.1794334398437
15.5007137124355	0.0255839961839476	-47.1794334398437
15.5007137124355	0.0255839961839476	-47.1794334398437
15.5007137124355	0.0255839961839476	-47.1794334398437
15.5007137124355	0.0255839961839476	-47.1794334398437
15.5007137124355	0.0255839961839476	-47.1794334398437
15.5007137124355	0.0255839961839476	-47.1794334398437
15.5007137124355	0.0255839961839476	-47.1794334398437
15.5007137124355	0.0255839961839476	-47.1794334398437
15.5007137124355	0.0255839961839476	-47.1794334398437
15.5007137124355	0.0255839961839476	-47.1794334398437
15.5006868606445	0.0255828207505523	-47.1794246134050
15.5001736136405	0.0255579984259258	-47.1794492811460
15.4985910213878	0.0254678411157734	-47.1794545825203
15.4953343423917	0.0252365735231592	-47.1794717900209
15.4897702769665	0.0248338881775555	-47.1795029296676
15.4813005231155	0.0243003378328652	-47.1795838749397
15.4693654061703	0.0234998911727156	-47.1796840002617
15.4533264232484	0.0224262206293455	-47.1798278714007
15.4326125625742	0.0210592936423739	-47.1799899897214
15.4067191694087	0.0193251321030968	-47.1802211633150
15.3750226185007	0.0172141699883888	-47.1804812197525
15.3370278380207	0.0146607605452501	-47.1808240049552
15.2922542992618	0.0116199288434062	-47.1812082864796
15.2401319901569	0.00813184340061376	-47.1816757382882
15.1802270015708	0.00406136765225119	-47.1822019919054
15.1120303796106	-0.000520432367378051	-47.1827954868359
15.0351798497967	-0.00575256233208410	-47.1834632155229
14.9491773105293	-0.0116507637180480	-47.1842779068163
14.8537256873040	-0.0181960936251078	-47.1851568589216
14.7483824368545	-0.0254674890076192	-47.1861408534814
14.6328451607979	-0.0334798766046240	-47.1872270621772
14.5067550227587	-0.0422751387695114	-47.1884663195194
14.3698955026914	-0.0518642666624836	-47.1898004384223
14.2219992593606	-0.0623283415431873	-47.1912907853601
14.0628436822181	-0.0736556953285198	-47.1929119597628
13.8921976267101	-0.0858959813334455	-47.1947033754245
13.7099516648944	-0.0990550635693224	-47.1966577668229
13.5159368661365	-0.113230053973415	-47.1987656367734
13.3101105268488	-0.128368356628878	-47.2010738646463
13.0864091546653	-0.126864882478242	-47.1998125895079
12.8499933905783	-0.124378830522075	-47.1982991690700
12.6010782090401	-0.121751052539619	-47.1967434010029
12.3396323361685	-0.119010353194815	-47.1951471275693
12.0657374273088	-0.116138392864013	-47.1934991977942
11.7794566223651	-0.113173955171553	-47.1918182390943
11.4808752017577	-0.110062905012324	-47.1901356149335
11.1700656818655	-0.106862280704317	-47.1884087746007
10.8472708723141	-0.103552559106022	-47.1866640212151
10.5126393407572	-0.100174382920431	-47.1849327613466
10.1663847351411	-0.0966618743425634	-47.1831453150199
9.80875398896690	-0.0930904249704993	-47.1814050047081
9.44003137965350	-0.0893955674314263	-47.1796508878680
9.06051601137303	-0.0856212925805914	-47.1779387135849
8.67055166541245	-0.0817781729772274	-47.1762537309111
8.27047431594744	-0.0778748784773921	-47.1745650704894
7.86067554767098	-0.0738760530559880	-47.1729782362468
7.44155379458213	-0.0698340299904712	-47.1713981581761
7.01355689015794	-0.0656821918254791	-47.1698638603793
6.57715753084494	-0.0615219339767968	-47.1684351292768
6.13272283388106	-0.0572515985848740	-47.1670537380922
5.68088906803322	-0.0530143336202384	-47.1657530797683
5.22207473475107	-0.0486564114839586	-47.1645470939504
4.75689376341737	-0.0442923926770898	-47.1633995843312
4.28577976696213	-0.0398839696620728	-47.1623576681791
3.80937339629691	-0.0354195952631629	-47.1614139723138
3.32822848256119	-0.0309442786837293	-47.1605842003127
2.84290600277369	-0.0264487181816189	-47.1598478706572
2.35405917362255	-0.0219502780289347	-47.1592041758008
1.86224016726372	-0.0174043413178520	-47.1586990321853
1.36807666872005	-0.0128789942391150	-47.1583319074173
0.872232268032297	-0.00831584695663191	-47.1580414150090
0.375238073496909	-0.00374326989916574	-47.1578953646336
-0.122164410328036	0.000826128030307024	-47.1578823268305
-0.619446050080936	0.00540061064482203	-47.1579584055905
-1.11590770758414	0.00996439779373317	-47.1581637628105
-1.61100662181218	0.0145009331417572	-47.1585002405361
-2.10407248723486	0.0190689687582332	-47.1589593137409
-2.59447959793616	0.0235657405596999	-47.1595062898396
-3.08162177337380	0.0280980073619693	-47.1601698434122
-3.56491360070221	0.0325409385829696	-47.1609767360829
-4.04378490695248	0.0370288605052454	-47.1618705195964
-4.51761328984119	0.0414390875007920	-47.1628717472961
-4.98582030473442	0.0458255668472877	-47.1639562936442
-5.44789870849418	0.0501554550264309	-47.1651318324089
-5.90330845357563	0.0544938776423748	-47.1663996328838
-6.35146936785585	0.0587640644143875	-47.1677401227031
-6.79195712747218	0.0629610656087010	-47.1691770111887
-7.22421833658733	0.0671244414891459	-47.1706325059738
-7.64784372764689	0.0712043282754251	-47.1721878351031
-8.06233959363958	0.0752304024047582	-47.1737713415637
-8.46733318150049	0.0791886615755740	-47.1754083211990
-8.86241925390838	0.0831103199618127	-47.1770917177941
-9.24719848605004	0.0868749216546541	-47.1787779526344
-9.62135134670891	0.0906080747266976	-47.1805241861271
-9.98455884896432	0.0942306404122623	-47.1822760261474
-10.3365432886555	0.0978096631841817	-47.1840369856139
-10.6770225758545	0.101278733604756	-47.1857762460119
-11.0057593952857	0.104604189453958	-47.1875340174367
-11.3225698440963	0.107843014050624	-47.1892917254902
-11.6272424725275	0.110982469111096	-47.1909972236696
-11.9197361882147	0.114043592936751	-47.1926880015772
-12.1998413772297	0.116942693928669	-47.1943301282459
-12.4674916475249	0.119731531170564	-47.1959524689248
-12.7226577431018	0.122439930979045	-47.1975512874502
-12.9653445274569	0.125019289185560	-47.1990635321229
-13.1955538530541	0.127466880354346	-47.2005349273945
-13.4100740682353	0.120054239471872	-47.1999095245786
-13.6100150626696	0.105375325943413	-47.1976870612089
-13.7981236380796	0.0917289927524205	-47.1956207345137
-13.9745433459583	0.0790218038476785	-47.1937768796047
-14.1394137627578	0.0672232631825659	-47.1920686717256
-14.2929651133999	0.0563742384052506	-47.1905145684150
-14.4352823398885	0.0463293216707435	-47.1891023383987
-14.5667075954675	0.0371479375687686	-47.1878165236992
-14.6874935465484	0.0287490352938642	-47.1866589931682
-14.7978659181592	0.0211150939860313	-47.1856055031923
-14.8982462548984	0.0142071699381154	-47.1846931457843
-14.9889434373909	0.00799880281301336	-47.1838480968459
-15.0703109609778	0.00247253145285677	-47.1831254836362
-15.1427665039303	-0.00244832673774546	-47.1824795523002
-15.2067651544975	-0.00681105421762613	-47.1819314700072
-15.2627187609511	-0.0105659097428008	-47.1814283349006
-15.3111404626031	-0.0138230545835992	-47.1809987582720
-15.3524513318323	-0.0166241687589118	-47.1806666278389
-15.3872032637768	-0.0189313332485546	-47.1803452705841
-15.4159471130682	-0.0208856417867677	-47.1800918490719
-15.4391710500044	-0.0224002177834147	-47.1799140771957
-15.4574573104249	-0.0236113340865640	-47.1797388211721
-15.4714076534603	-0.0245461776038707	-47.1796325235995
-15.4815178895630	-0.0252222035523320	-47.1795514931989
-15.4884698250786	-0.0257053043457425	-47.1794866740034
-15.4928125524999	-0.0259911654884908	-47.1794454271417
-15.4951655918676	-0.0261547082929690	-47.1794429054431
-15.4961283393547	-0.0262025950506783	-47.1794235380740
-15.4962988322627	-0.0262146934432002	-47.1794334398437
-15.4962988322627	-0.0262146934432002	-47.1794334398437
-15.4962988322627	-0.0262146934432002	-47.1794334398437
-15.4962988322627	-0.0262146934432002	-47.1794334398437
-15.4962988322627	-0.0262146934432002	-47.1794334398437
-15.4962988322627	-0.0262146934432002	-47.1794334398437
-15.4962988322627	-0.0262146934432002	-47.1794334398437
-15.4962988322627	-0.0262146934432002	-47.1794334398437
-15.4962988322627	-0.0262146934432002	-47.1794334398437
-15.4962988322627	-0.0262146934432002	-47.1794334398437
-15.4962988322627	-0.0262146934432002	-47.1794334398437
-15.4962988322627	-0.0262146934432002	-47.1794334398437
-15.4962988322627	-0.0262146934432002	-47.1794334398437
-15.4962988322627	-0.0262146934432002	-47.1794334398437
-15.4962988322627	-0.0262146934432002	-47.1794334398437
-15.4962988322627	-0.0262146934432002	-47.1794334398437
-15.4962988322627	-0.0262146934432002	-47.1794334398437
-15.4962988322627	-0.0262146934432002	-47.1794334398437
-15.4962988322627	-0.0262146934432002	-47.1794334398437
-15.4962988322627	-0.0262146934432002	-47.1794334398437
-15.4962988322627	-0.0262146934432002	-47.1794334398437
-15.4962988322627	-0.0262146934432002	-47.1794334398437
-15.4962988322627	-0.0262146934432002	-47.1794334398437
-15.4962988322627	-0.0262146934432002	-47.1794334398437
-15.4962988322627	-0.0262146934432002	-47.1794334398437
-15.4962988322627	-0.0262146934432002	-47.1794334398437
-15.4962988322627	-0.0262146934432002	-47.1794334398437
-15.4962988322627	-0.0262146934432002	-47.1794334398437
-15.4962988322627	-0.0262146934432002	-47.1794334398437
-15.4962988322627	-0.0262146934432002	-47.1794334398437
-15.4962988322627	-0.0262146934432002	-47.1794334398437
-15.4962988322627	-0.0262146934432002	-47.1794334398437
-15.4962988322627	-0.0262146934432002	-47.1794334398437
-15.4962988322627	-0.0262146934432002	-47.1794334398437
-15.4962988322627	-0.0262146934432002	-47.1794334398437
-15.4962988322627	-0.0262146934432002	-47.1794334398437
-15.4962988322627	-0.0262146934432002	-47.1794334398437
-15.4962988322627	-0.0262146934432002	-47.1794334398437
-15.4962988322627	-0.0262146934432002	-47.1794334398437
-15.4962988322627	-0.0262146934432002	-47.1794334398437
-15.4962988322627	-0.0262146934432002	-47.1794334398437
-15.4962988322627	-0.0262146934432002	-47.1794334398437
-15.4962988322627	-0.0262146934432002	-47.1794334398437
-15.4962988322627	-0.0262146934432002	-47.1794334398437
-15.4962988322627	-0.0262146934432002	-47.1794334398437
-15.4962988322627	-0.0262146934432002	-47.1794334398437
-15.4962988322627	-0.0262146934432002	-47.1794334398437
-15.4962988322627	-0.0262146934432002	-47.1794334398437
-15.4962988322627	-0.0262146934432002	-47.1794334398437
-15.4962988322627	-0.0262146934432002	-47.1794334398437
-15.4962988322627	-0.0262146934432002	-47.1794334398437
-15.4962934637800	-0.0262101878505259	-47.1793183684568
-15.4961517880884	-0.0260912840564226	-47.1765980319934
-15.4956229595234	-0.0256474554636781	-47.1670457187278
-15.4945519444094	-0.0247485873571885	-47.1472903191068
-15.4927934734645	-0.0232727599595755	-47.1149855779269
-15.4902765368387	-0.0211603770162348	-47.0685352923754
-15.4869248031506	-0.0183473760845646	-47.0071235761412
-15.4827390462689	-0.0148344066473056	-46.9305808412404
-15.4777452772066	-0.0106432989005600	-46.8392111512526
-15.4719529338714	-0.00578197377312088	-46.7338680274875
-15.4654248699995	-0.000303182358642630	-46.6156578928776
-15.4582616829712	0.00570864723753019	-46.4859314704518
-15.4505283136559	0.0121990122585641	-46.3462449490904
-15.4422887747180	0.0191141889599599	-46.1981700595010
-15.4336286490989	0.0263823503659873	-46.0432290696786
-15.4246578523175	0.0339112479613086	-45.8827396712083
-15.4154056382618	0.0416763299101629	-45.7178507497099
-15.4059220244092	0.0496356181728909	-45.5493402080277
-15.3962379338163	0.0577631600349206	-45.3775209773023
-15.3863233429005	0.0660841533115060	-45.2022518316834
-15.3761612439330	0.0746128720355299	-45.0227296636584
-15.3657859746548	0.0833559717895829	-44.8388548694493
-15.3553215024673	0.0922802878397961	-44.6515840753061
-15.3448092871288	0.101315404441039	-44.4618110432733
-15.3342464596892	0.110428205105765	-44.2704313178826
-15.3237026358477	0.119595610550795	-44.0781947367706
-15.3130449842616	0.128716671248067	-43.8858340474495
-15.3022185578869	0.137837717963212	-43.6940416263194
-15.2910710040197	0.146839381083717	-43.5034143861646
-15.2794312241739	0.155759894315025	-43.3145451971740
-15.2671260129017	0.164498284881814	-43.1278787444112
-15.2539146239771	0.173081487397395	-42.9439236963690
-15.2395503210847	0.181471502771006	-42.7630911535252
-15.2237546344227	0.189622587406573	-42.5856947944373
-15.2062116781565	0.197556817962434	-42.4121291627805
-15.1866005721970	0.205231355095528	-42.2426346441436
-15.1645781484053	0.212623935253625	-42.0774671521673
-15.1398074214014	0.219744464303578	-41.9167980245882
-15.1118883152217	0.226588280888812	-41.7608566423980
-15.0804533607740	0.233161811287250	-41.6097611569475
-15.0451033857737	0.239431915950935	-41.4636191450605
-15.0054352254051	0.245408881012546	-41.3224959927446
-14.9610573684811	0.251098826387873	-41.1864722120958
-14.9115422996823	0.256509952968184	-41.0555464504733
-14.8564980532239	0.261628168305880	-40.9297423611344
-14.7955246968379	0.266489978670713	-40.8090615484845
-14.7282015238131	0.271054779221344	-40.6934245657604
-14.6541695022106	0.275380661482110	-40.5828197744809
-14.5730370468518	0.279461197968770	-40.4771293801166
-14.4844014381419	0.283279152950099	-40.3763272720379
-14.3879597849754	0.286886183552071	-40.2802660139071
-14.2833196043298	0.290254148354466	-40.1888652438432
-14.1701966393187	0.293418750884249	-40.1020062956152
-14.0482733198320	0.296394765252765	-40.0195592652773
-13.9172842822634	0.299172334258341	-39.9413794378237
-13.7769819379536	0.301782885474226	-39.8673305754833
-13.6271114984041	0.304218830723334	-39.7972924366291
-13.4675234300902	0.306506677843369	-39.7311098211760
-13.2980368234853	0.308657106901701	-39.6686365384534
-13.1185240402126	0.310658746236122	-39.6097476638753
-12.9288958886345	0.312560552226357	-39.5543081954062
-12.7290838168603	0.314350151856110	-39.5021845281436
-12.5191119555010	0.316057783930619	-39.4532584545198
-12.2990004038824	0.317673685846302	-39.4074051864089
-12.0688327561906	0.319220776120399	-39.3645107960489
-11.8287339820925	0.320704439304779	-39.3244902343389
-11.5788748996908	0.322140004681908	-39.2872824220165
-11.3194968046519	0.323524171659891	-39.2527636147818
-11.0508885348497	0.324887470449911	-39.2209319564247
-10.7733900678688	0.326216749053370	-39.1916992981855
-10.4874153775153	0.327527930098238	-39.1650738980538
-10.1934063302259	0.328839051552691	-39.1410688104484
-9.89190564543261	0.330117655398431	-39.1196348405477
-9.58342727243775	0.331484939262517	-39.1136246850068
-9.26651125370125	0.335458753247335	-39.3095009473866
-8.94259211942850	0.341313864871801	-39.5037798245536
-8.61251786490118	0.349147754932612	-39.6958015954333
-8.27728980385736	0.358956334311571	-39.8848331090930
-7.93796068355369	0.370772896490744	-40.0702266620103
-7.59568571356356	0.384517014477262	-40.2512990701457
-7.25179988416735	0.400116210458637	-40.4273812328615
-7.02944534073147	0.248312629149894	-40.4374535267332
-6.80968222647243	0.0866239436059466	-40.4374535267332
-6.58548341190737	-0.0739099958904437	-40.4374535267332
-6.35759146948634	-0.232640615567580	-40.4374535267332
-6.12674337593811	-0.388981575665825	-40.4374535267332
-5.89373937535261	-0.542361653048974	-40.4374535267332
-5.65938943864659	-0.692262177232682	-40.4374535267332
-5.42445674506002	-0.838249911245912	-40.4374535267332
-5.18978108820751	-0.979896686414662	-40.4374535267332
-4.95615051854668	-1.11685734154727	-40.4374535267332
-4.72438950903511	-1.24881270884940	-40.4374535267332
-4.49524584228939	-1.37553110751633	-40.4374535267332
-4.26947959470321	-1.49681192221356	-40.4374535267332
-4.04782367525933	-1.61250383600907	-40.4374535267332
-3.83096206611448	-1.72251065074465	-40.4374535267332
-3.61952670432450	-1.82678643106687	-40.4374535267332
-3.41409466701656	-1.92533065113807	-40.4374535267332
-3.21520495677234	-2.01817453164902	-40.4374535267332
-3.02333732791471	-2.10538606760802	-40.4374535267332
-2.83891031932473	-2.18706551950814	-40.4374535267332
-2.66229910648757	-2.26333281981365	-40.4374535267332
-2.49377561593203	-2.33434893786384	-40.4374535267332
-2.33360509040057	-2.40027051266642	-40.4374535267332
-2.18192768889182	-2.46129606118678	-40.4374535267332
-2.03887571571286	-2.51761446707055	-40.4374535267332
-1.90449453167150	-2.56943490699586	-40.4374535267332
-1.77880169084413	-2.61696157838539	-40.4374535267332
-1.66174731812132	-2.66040777552966	-40.4374535267332
-1.55321400538425	-2.69999436032824	-40.4374535267332
-1.45305691583983	-2.73593436708992	-40.4374535267332
-1.36108420009305	-2.76844021689960	-40.4374535267332
-1.27707739563449	-2.79771665269003	-40.4374535267332
-1.20077184737302	-2.82396810254157	-40.4374535267332
-1.13185704369359	-2.84739894890698	-40.4374535267332
-1.07001735209374	-2.86820048333438	-40.4374535267332
-1.01489225081532	-2.88656547394544	-40.4374535267332
-0.966137290235228	-2.90266888601873	-40.4374535267332
-0.923323675625638	-2.91670230038909	-40.4374535267332
-0.886100220106216	-2.92882176730615	-40.4374535267332
-0.854032214043387	-2.93920193044111	-40.4374535267332
-0.826723051927205	-2.94799742362783	-40.4374535267332
-0.803733712953730	-2.95537009911597	-40.4374535267332
-0.784664031009178	-2.96146389763214	-40.4374535267332
-0.769092277046564	-2.96642524031994	-40.4374535267332
-0.756636184038194	-2.97038440450567	-40.4374535267332
-0.746872144437056	-2.97348200497801	-40.4374535267332
-0.739456963049939	-2.97583098006404	-40.4374535267332
-0.727299785903423	-2.95507047363630	-40.6494951607570
-0.712841838343903	-2.92068286080118	-40.9392782377335
-0.697801814719403	-2.87947692088225	-41.2338589118647
-0.681811425044526	-2.83141962113831	-41.5320572634429
-0.664567114098517	-2.77654415373926	-41.8326947174865
-0.645860329537523	-2.71497671712336	-42.1344560281186
-0.625513425472330	-2.64694134043141	-42.4360252043767
-0.603425022954564	-2.57276369297327	-42.7360348728468
-0.579582097812519	-2.49269397792099	-43.0336627079909
-0.554021341742349	-2.40685541395006	-43.3286342211148
-0.526781064102999	-2.31537665219859	-43.6207093893768
-0.497900251687327	-2.21838861877465	-43.9096823197067
-0.467420647348165	-2.11603149523366	-44.1953534505473
-0.435388237163383	-2.00845971280122	-44.4775164138117
-0.401848563354910	-1.89582621213838	-44.7559992083265
-0.366849303199325	-1.77829110388287	-45.0306368052976
-0.330436537313679	-1.65600913674338	-45.3012977197903
-0.292663347884915	-1.52915857221918	-45.5678178541661
-0.253575121277831	-1.39789182756925	-45.8301057436222
-0.213225959257593	-1.26239058825774	-46.0880245988960
-0.171665271046175	-1.12282078117076	-46.3414834184555
-0.128940968757099	-0.979343305579445	-46.5904100092093
-0.107160025009276	-0.906198171370110	-46.7131388269415
-0.107160025009276	-0.906198171370110	-46.7131388269415
-0.107160025009276	-0.906198171370110	-46.7131388269415
-0.107160025009276	-0.906198171370110	-46.7131388269415
-0.107160025009276	-0.906198171370110	-46.7131388269415
-0.107160025009276	-0.906198171370110	-46.7131388269415
-0.107160025009276	-0.906198171370110	-46.7131388269415
-0.107160025009276	-0.906198171370110	-46.7131388269415
-0.107160025009276	-0.906198171370110	-46.7131388269415
-0.107160025009276	-0.906198171370110	-46.7131388269415
-0.107160025009276	-0.906198171370110	-46.7131388269415
-0.107160025009276	-0.906198171370110	-46.7131388269415
-0.107160025009276	-0.906198171370110	-46.7131388269415
-0.107160025009276	-0.906198171370110	-46.7131388269415
-0.107160025009276	-0.906198171370110	-46.7131388269415
-0.107160025009276	-0.906198171370110	-46.7131388269415
-0.107160025009276	-0.906198171370110	-46.7131388269415
-0.107160025009276	-0.906198171370110	-46.7131388269415
-0.107160025009276	-0.906198171370110	-46.7131388269415
-0.107160025009276	-0.906198171370110	-46.7131388269415
-0.107160025009276	-0.906198171370110	-46.7131388269415
-0.107160025009276	-0.906198171370110	-46.7131388269415
-0.107160025009276	-0.906198171370110	-46.7131388269415
-0.107160025009276	-0.906198171370110	-46.7131388269415
-0.107160025009276	-0.906198171370110	-46.7131388269415
-0.107160025009276	-0.906198171370110	-46.7131388269415
-0.107160025009276	-0.906198171370110	-46.7131388269415
-0.107160025009276	-0.906198171370110	-46.7131388269415
-0.107160025009276	-0.906198171370110	-46.7131388269415
-0.107160025009276	-0.906198171370110	-46.7131388269415
-0.107160025009276	-0.906198171370110	-46.7131388269415
-0.107160025009276	-0.906198171370110	-46.7131388269415
-0.107160025009276	-0.906198171370110	-46.7131388269415
-0.107160025009276	-0.906198171370110	-46.7131388269415
-0.107160025009276	-0.906198171370110	-46.7131388269415
-0.107160025009276	-0.906198171370110	-46.7131388269415
-0.107160025009276	-0.906198171370110	-46.7131388269415
-0.107160025009276	-0.906198171370110	-46.7131388269415
-0.107160025009276	-0.906198171370110	-46.7131388269415
-0.107160025009276	-0.906198171370110	-46.7131388269415
-0.107160025009276	-0.906198171370110	-46.7131388269415
-0.107160025009276	-0.906198171370110	-46.7131388269415
-0.107160025009276	-0.906198171370110	-46.7131388269415
-0.107160025009276	-0.906198171370110	-46.7131388269415
-0.107160025009276	-0.906198171370110	-46.7131388269415
-0.107160025009276	-0.906198171370110	-46.7131388269415
-0.107160025009276	-0.906198171370110	-46.7131388269415
-0.107160025009276	-0.906198171370110	-46.7131388269415
-0.107160025009276	-0.906198171370110	-46.7131388269415
-0.107160025009276	-0.906198171370110	-46.7131388269415